128
2 396 429
2 8 192
2 230 163
2 276 388
2 199 364
2 324 363
2 394 427
2 447 405
2 139 345
2 90 89
2 277 10
2 445 407
2 121 375
2 214 302
2 15 123
2 149 498
2 210 442
2 444 208
2 249 71
2 472 367
2 65 351
2 225 400
2 320 397
2 193 356
2 91 188
2 403 283
2 467 264
2 399 273
2 219 433
2 147 182
2 463 258
2 452 360
2 473 430
2 20 38
2 263 455
2 288 499
2 385 437
2 5 292
2 231 175
2 486 111
2 52 221
2 240 187
2 350 105
2 166 155
3 76 237 365
3 132 347 377
3 373 390 99
3 80 278 70
3 295 151 124
3 282 164 233
3 207 379 66
3 280 129 114
3 112 148 269
3 460 172 468
3 459 107 32
3 185 109 180
3 307 153 362
3 336 474 16
3 31 160 101
3 432 328 449
3 136 392 242
3 235 6 177
3 412 24 3
3 18 55 95
3 61 218 201
3 384 117 348
3 162 159 424
3 294 13 19
4 0 2 4 9
4 30 42 94 77
4 118 51 23 39
4 44 103 43 49
4 133 37 62 102
4 134 63 130 53
4 58 110 74 85
4 126 67 57 145
4 179 131 68 140
4 157 142 146 75
4 82 87 88 169
4 238 83 135 216
4 220 224 173 167
4 176 98 143 122
4 127 161 84 257
4 262 202 229 239
4 243 168 125 215
4 260 96 183 222
4 223 250 241 314
4 323 137 178 290
4 321 228 150 331
4 368 265 272 227
4 248 184 206 335
4 343 171 232 349
4 398 327 297 408
4 415 209 253 366
4 406 270 191 374
4 465 305 380 413
4 440 293 211 417
4 457 194 275 435
4 456 402 309 470
4 496 291 303 466
4 281 205 485 312
4 342 436 483 317
4 318 296 41 246
4 255 313 489 464
4 479 381 79 308
4 386 338 22 316
4 340 287 115 382
4 426 480 344 393
4 404 36 152 357
4 370 355 346 458
4 477 174 54 478
4 487 354 383 488
4 267 186 481 418
4 428 389 491 493
4 29 217 450 56
4 69 416 469 494
4 411 244 476 471
4 304 259 128 198
4 395 92 138 289
4 27 45 245 332
4 391 144 50 59
4 251 361 226 431
4 438 378 461 401
4 25 81 26 195
4 341 254 204 116
4 490 247 425 372
4 106 446 353 46
4 104 100 359 40
