1628
2 7973 2038
2 9498 3700
2 5889 7848
2 3434 8053
2 1265 6447
2 2116 5887
2 6983 3495
2 380 8415
2 9399 1575
2 2279 814
2 287 4843
2 4676 6428
2 5404 5018
2 6714 486
2 7916 6330
2 3591 6622
2 9415 1693
2 6179 8304
2 5543 6905
2 4523 3088
2 6216 7174
2 1087 3600
2 7005 7030
2 1924 4939
2 6772 4954
2 4177 9571
2 8713 8594
2 2653 3578
2 3721 72
2 4840 5311
2 3843 5822
2 2280 7245
2 4468 9411
2 2325 2352
2 3707 5272
2 4797 8761
2 5030 3444
2 2908 7421
2 3255 2963
2 179 3201
2 8794 2176
2 8251 8381
2 720 8805
2 1518 6401
2 5767 6840
2 4027 4929
2 379 7058
2 3696 8599
2 2696 9190
2 626 7162
2 6065 2551
2 672 9479
2 3348 5576
2 422 1278
2 3477 4829
2 7847 2847
2 8628 3394
2 3549 4520
2 194 5714
2 7531 5495
2 448 3487
2 2692 3754
2 3041 9969
2 988 130
2 8836 2681
2 7066 3413
2 8569 5964
2 4260 1854
2 7608 1477
2 8860 4860
2 169 3058
2 1777 3242
2 658 6470
2 9362 7272
2 3522 5120
2 7279 9882
2 3301 405
2 7102 1329
2 1206 7372
2 6961 5038
2 1479 481
2 7283 7055
2 800 2706
2 862 7340
2 3586 5419
2 8941 7246
2 3690 5274
2 1992 641
2 5469 759
2 9448 1667
2 9297 9236
2 8373 8749
2 8511 7270
2 8615 6792
2 3898 6031
2 8257 2218
2 5072 6939
2 4718 9322
2 5472 7260
2 7656 5080
2 8685 51
2 997 9881
2 1928 5253
2 8495 5957
2 8417 9098
2 6500 5816
2 449 4450
2 25 8380
2 302 9097
2 4896 1540
2 3494 2201
2 5453 493
2 9226 2107
2 1273 4846
2 7342 5189
2 3154 8757
2 9055 6222
2 2518 4435
2 256 4571
2 9832 5386
2 7045 1775
2 9586 4334
2 4622 677
2 6136 1541
2 3488 7069
2 9601 2051
2 2504 7061
2 9319 5162
2 482 7822
2 6551 1374
2 9032 8820
2 5851 2498
2 1695 911
2 2835 4247
2 3492 6619
2 4040 7844
2 5778 3312
2 3157 4724
2 5480 1611
2 3577 5727
2 4464 315
2 360 8395
2 9150 3091
2 6876 8862
2 9577 3133
2 5104 8190
2 1728 886
2 4605 5167
2 5973 8012
2 8535 9386
2 5095 1399
2 7281 5413
2 575 2988
2 1113 8248
2 7660 9232
2 6143 6753
2 6088 4196
2 2662 1297
2 1534 7383
2 3256 8420
2 8118 2805
2 6454 917
2 5199 9712
2 6821 6871
2 7661 4806
2 326 8065
2 1581 6841
2 5280 6104
2 6093 9041
2 8344 9044
2 8855 3189
2 4048 2136
2 1513 3497
2 4691 2906
2 7085 383
2 972 7606
2 9981 4376
2 2900 4672
2 9647 1706
2 949 3138
2 5008 6354
2 4344 3173
2 2773 1878
2 9264 4602
2 2205 9536
2 4444 3399
2 517 3321
2 4641 7453
2 4285 8635
2 7883 203
2 9693 682
2 1131 5049
2 8365 8796
2 3679 2543
2 3812 771
2 4062 376
2 7459 5376
2 2882 9821
2 6509 1403
2 7365 2235
2 5809 6570
2 8812 7321
2 7093 7872
2 9644 6607
2 1147 5740
2 8011 118
2 2436 9101
2 1166 4354
2 1563 4987
2 7172 4535
2 6195 9204
2 4323 298
2 311 2812
2 8473 795
2 8933 2065
2 8231 7852
2 1439 6212
2 2234 304
2 2385 1942
2 7040 5766
2 2520 8996
2 3146 9663
2 7782 652
2 1868 8886
2 6334 8534
2 8695 7492
2 3992 6592
2 6799 2537
2 8034 6727
2 741 5944
2 4978 5350
2 6804 3082
2 3705 7688
2 7712 866
2 9181 3993
2 2485 4063
2 6308 1376
2 219 2378
2 9164 3933
2 8957 7783
2 3819 4371
2 1462 7547
2 6862 1703
2 9473 9590
2 4976 7544
2 5682 533
2 4165 8554
2 3165 3777
2 5183 2470
2 4457 3935
2 3616 5550
2 1789 3984
2 3178 3383
2 8810 9311
2 4470 2425
2 4273 5844
2 5539 3796
2 3784 6085
2 7716 4666
2 1105 4818
2 8379 3216
2 3076 3110
2 5299 1095
2 5107 3467
2 2128 4598
2 4297 5257
2 4651 7793
2 8968 4793
2 4263 9239
2 5585 8877
2 7992 227
2 7273 9932
2 7929 5019
2 4701 2597
2 5811 6392
2 7663 8461
2 1705 9050
2 7222 8640
2 7086 6007
2 4769 1614
2 4508 7441
2 2039 509
2 4979 1065
2 7745 5697
2 8001 2030
2 526 5260
2 6803 5210
2 9491 8868
2 3949 4305
2 1501 3381
2 794 9186
2 4379 1002
2 468 1318
2 7741 9816
2 9724 5342
2 4775 4440
2 2083 6199
2 1809 984
2 7504 2326
2 7142 3466
2 8494 5812
2 3240 8970
2 958 821
2 2886 7672
2 5741 1130
2 279 9152
2 5504 7523
2 9230 7789
2 2098 6119
2 1749 6493
2 6635 478
2 1415 5825
2 2500 9042
2 2974 977
2 7427 1221
2 8508 630
2 5064 1099
2 3454 2068
2 1480 2451
2 3585 6128
2 8114 733
2 3445 5132
2 5952 9028
2 9742 133
2 61 582
2 288 6174
2 5361 1972
2 8038 1093
2 437 7533
2 6474 2512
2 6158 8734
2 3205 111
2 4746 573
2 6923 6937
2 9323 9148
2 6213 1227
2 7830 3220
2 9158 9548
2 7187 9327
2 428 5192
2 6156 5510
2 3156 5972
2 5067 8129
2 4136 9885
2 537 1149
2 6096 6519
2 7264 5148
2 7706 4388
2 7820 1984
2 2464 5586
2 6776 6343
2 8405 3941
2 9698 268
2 6126 1958
2 269 6902
2 1063 6654
2 2466 9336
2 9977 5977
2 1897 4923
2 435 9604
2 6494 4428
2 3416 5108
2 7561 2731
2 7835 6141
2 221 7183
2 8571 1652
2 1208 2827
2 5010 4487
2 2264 5573
2 7481 1766
2 9072 2503
2 2405 1527
2 8117 3917
2 5514 3798
2 4231 2427
2 9270 9296
2 865 9031
2 6614 3008
2 5820 9282
2 6429 5470
2 5696 1043
2 4851 1171
2 5287 6472
2 3916 4821
2 8075 7669
2 5700 5182
2 342 6748
2 5266 6087
2 5681 9357
2 154 9100
2 8388 7276
2 7400 5294
2 5906 640
2 6998 3859
2 4898 5409
2 5338 8960
2 9999 7457
2 9771 9948
2 9423 5534
2 1835 2771
2 3712 3854
2 538 2199
2 2480 101
2 5106 7546
2 935 6254
2 7627 1308
2 9636 319
2 1606 5430
2 6812 5158
2 9575 2382
2 6227 2357
2 990 596
2 3199 1865
2 2947 2415
2 7384 4544
2 6457 2577
2 3615 1133
2 2356 2373
2 7404 7022
2 3389 8073
2 7556 3521
2 7902 6545
2 3827 2086
2 8464 2567
2 3782 9007
2 8355 908
2 8347 4734
2 691 2170
2 545 8334
2 9862 1574
2 3340 9002
2 9901 3044
2 4328 8411
2 3124 128
2 8645 4948
2 893 819
2 431 2549
2 8282 9205
2 1986 4
2 2934 8879
2 9679 5268
2 3698 5966
2 3233 3438
2 4564 4425
2 473 8164
2 2469 7580
2 7251 5246
2 9070 896
2 347 9887
2 2016 8361
2 6260 3307
2 6897 2268
2 7134 4628
2 9194 894
2 5097 6539
2 6720 5754
2 3799 2852
2 8758 8080
2 9557 2629
2 4060 4577
2 7877 5200
2 729 462
2 4311 7140
2 5557 9701
2 5023 229
2 3878 6473
2 1683 8179
2 6002 6307
2 4669 9313
2 6620 5316
2 5699 1377
2 4501 2215
2 8142 7743
2 2239 6148
2 5578 3313
2 378 5523
2 3131 784
2 8753 8374
2 8791 872
2 8144 5771
2 7501 6899
2 186 1201
2 1194 3717
2 156 2586
2 4882 3753
2 8992 1650
2 1307 7309
2 7223 6265
2 5958 7247
2 4009 3186
2 6904 6692
2 274 1978
2 2105 669
2 633 7758
2 2237 6068
2 8027 7019
2 845 9570
2 1323 4810
2 9846 6993
2 2050 7177
2 4254 4811
2 34 8955
2 8875 6253
2 1899 83
3 7691 6599 4424
3 6589 9285 5223
3 951 7495 5690
3 5309 3066 3269
3 5353 3874 5220
3 1338 8291 9219
3 6072 3948 6462
3 5415 5519 4037
3 3009 2594 3101
3 1057 6056 772
3 9668 1871 813
3 6977 4183 5880
3 1715 6548 4343
3 2605 1967 892
3 5784 7755 8330
3 5264 4741 2214
3 5421 1903 4683
3 1786 2625 2233
3 504 2794 2354
3 1055 357 7254
3 5670 7865 9627
3 553 6691 5411
3 7728 4005 2864
3 9596 874 2224
3 2617 6106 8294
3 855 282 1957
3 8194 8669 7028
3 4299 6750 3366
3 1103 5360 4288
3 9167 8655 3734
3 7935 66 5797
3 4647 6368 8171
3 8738 3964 699
3 7143 9180 4368
3 2826 9893 5450
3 4321 3234 5195
3 138 2502 9641
3 9174 9727 9080
3 1472 4127 3925
3 9384 8254 1872
3 2244 7422 7779
3 2717 1982 1315
3 5431 2100 1143
3 6625 2122 3207
3 390 113 5638
3 1384 8390 5664
3 7271 2693 5801
3 601 3005 4945
3 5708 265 416
3 5455 8170 8364
3 2363 5760 9687
3 591 324 1482
3 6760 327 7287
3 5847 6566 5054
3 4866 1352 607
3 9875 945 6663
3 1815 8391 7910
3 6734 6891 3298
3 2796 5716 4712
3 455 1354 8341
3 4133 1802 6460
3 1291 2818 9408
3 6593 8935 9762
3 8946 3077 9231
3 1628 3776 6037
3 8995 4421 9520
3 5317 8313 8122
3 363 3741 8582
3 3369 1005 9562
3 1223 1907 7288
3 9506 4380 2255
3 963 1682 9142
3 8687 6974 2580
3 242 9416 2704
3 484 7124 2312
3 5478 5608 2801
3 2131 3374 3952
3 7115 2779 9803
3 6817 6347 9671
3 5078 9462 239
3 4643 4500 1578
3 4919 7548 762
3 9410 7593 6070
3 5036 4178 4414
3 8162 9777 2708
3 3171 7049 5706
3 9912 9309 3666
3 9902 3953 5799
3 8774 2635 9801
3 7420 9493 7147
3 5465 5420 2411
3 9772 5680 7801
3 2042 5866 6530
3 7905 4955 8792
3 6955 4993 1243
3 7570 2761 7016
3 5546 6707 7909
3 881 6286 2391
3 9593 4256 9774
3 9278 4827 9444
3 9343 9522 4154
3 141 9492 3432
3 4243 9989 8221
3 4346 1852 5739
3 8611 6684 8451
3 6186 8007 4028
3 2058 9144 6672
3 9199 1437 3305
3 105 5093 1931
3 5395 8349 1003
3 3598 7047 9798
3 6610 8113 6892
3 9160 9273 9118
3 4458 8366 4278
3 5365 9244 5349
3 3063 6575 5331
3 3315 792 8112
3 2409 670 2299
3 6009 2633 8550
3 127 4117 1741
3 5339 277 1008
3 1334 2075 3767
3 5914 2355 1328
3 6372 3211 1386
3 8354 2219 1944
3 2225 6442 6929
3 5967 8547 6832
3 8962 3848 4852
3 8337 5935 2523
3 9834 2208 9391
3 4353 8708 5021
3 2253 7979 4526
3 9622 7670 2997
3 476 9017 5874
3 7414 5180 3835
3 2699 5963 5501
3 4552 2001 7164
3 4113 4684 3326
3 6173 5224 284
3 8969 3867 2013
3 306 2443 9951
3 1858 9815 4608
3 6644 4494 5485
3 9928 369 8020
3 9973 6505 8124
3 8236 712 5322
3 9424 1189 9788
3 2306 5138 3988
3 2646 9257 2204
3 1324 5306 7539
3 4660 567 9757
3 6247 3478 1225
3 3625 1391 1155
3 4138 5830 3073
3 8458 3909 4920
3 1582 423 744
3 1576 9513 1038
3 3668 235 6810
3 5261 5412 7894
3 7591 1966 1421
3 5027 696 9348
3 8082 7668 7440
3 5458 3565 880
3 9066 6406 8245
3 1690 6423 6249
3 5115 9432 9485
3 510 9728 3552
3 1758 2200 2698
3 4281 8557 5595
3 812 5749 3346
3 8528 2909 4503
3 1176 1229 6807
3 3928 690 9316
3 6723 1187 2021
3 4782 8077 9130
3 1645 7885 9505
3 7038 1211 2829
3 8345 5867 5432
3 5675 5091 9318
3 3640 5160 6440
3 3084 1091 8017
3 1981 2918 7111
3 4416 3119 9616
3 8450 5642 5292
3 5015 7893 5302
3 6894 158 614
3 2266 7001 8598
3 2319 1846 7465
3 3693 9544 43
3 9393 7646 4515
3 1088 6345 7364
3 8888 9558 967
3 595 8945 2383
3 6919 2275 7360
3 7380 6789 2097
3 1026 6709 3574
3 2076 1465 9195
3 2568 1490 4274
3 6536 9994 6114
3 2521 9211 4053
3 5750 7429 5946
3 7635 3943 4119
3 7295 8422 7891
3 3768 6815 2998
3 308 4433 3820
3 1141 7568 1773
3 5194 2126 6019
3 6011 7000 216
3 7157 8902 6521
3 3224 8158 5677
3 9933 1764 3763
3 224 5692 2084
3 1217 9331 3019
3 4566 503 3194
3 7576 7873 4169
3 5662 9648 4070
3 4795 4042 3417
3 2972 7335 5802
3 1602 6101 1539
3 3735 3588 9945
3 8070 1327 8581
3 4306 6683 3837
3 2348 2079 1301
3 1459 3329 7681
3 4873 5303 2970
3 3254 4967 3703
3 9589 5152 6250
3 8474 671 4377
3 7009 3568 7345
3 5969 6670 5961
3 1905 1438 9369
3 1794 9193 5678
3 3251 3975 5601
3 7063 6996 5691
3 6099 3409 2248
3 2530 220 2902
3 3427 2291 2371
3 1691 1567 829
3 9789 6945 5568
3 7235 5263 8302
3 6191 9735 2967
3 1186 7739 8389
3 7611 5247 815
3 9800 1698 650
3 4936 2557 114
3 5701 3237 7780
3 9249 248 2054
3 411 9621 942
3 4697 2316 2631
3 1219 4963 7263
3 6730 4738 6706
3 1838 1619 3045
3 6504 7735 7370
3 1974 587 5943
3 4280 267 8560
3 3871 4142 632
3 1097 1474 9171
3 6652 5296 1608
3 570 3270 6348
3 7913 2471 3907
3 2474 5516 2473
3 7797 2104 1557
3 542 8735 2758
3 5124 2171 6496
3 1075 2561 4850
3 7585 7377 4423
3 2620 4985 2739
3 3731 6468 9046
3 1956 9658 9733
3 3335 6606 2447
3 9427 9409 6819
3 3358 8052 7458
3 623 8503 7224
3 2178 8211 3774
3 6033 3797 9608
3 6546 4681 9960
3 1346 492 1107
3 9904 1826 6375
3 4157 3660 9117
3 9266 1163 4901
3 2088 309 6949
3 9700 5179 2195
3 8522 6427 3450
3 262 6169 1258
3 4740 3481 272
3 8265 838 9291
3 2734 8551 799
3 4828 3479 1042
3 4035 6281 7808
3 2238 8436 3243
3 2876 5012 6024
3 9240 1528 3671
3 3890 4122 918
3 6062 9400 8377
3 6324 2885 4205
3 4065 9208 8647
3 9914 5464 8890
3 1145 1882 5079
3 4198 6634 4121
3 2166 5493 4446
3 1195 8831 3471
3 515 5892 7887
3 9018 8505 4931
3 5709 6029 7347
3 8788 9682 8319
3 9645 1016 3501
3 9237 7787 3070
3 979 7389 9662
3 2067 337 3360
3 4937 8062 3446
3 1018 2969 8370
3 1585 1182 4160
3 3619 3790 6829
3 5537 3217 8100
3 2262 9591 561
3 6888 5436 6082
3 3865 5884 8826
3 4227 8882 6508
3 1911 9661 4022
3 2790 7293 966
3 5639 9851 5369
3 314 7882 4834
3 2930 6069 7109
3 9842 2082 4002
3 856 4764 7890
3 1489 583 549
3 1162 1078 244
3 4365 8331 7892
3 736 6950 228
3 5685 7200 5521
3 5364 5137 1655
3 9955 5473 646
3 1066 1076 920
3 1068 6933 4733
3 1345 7300 9764
3 6314 4409 2492
3 6556 9792 4014
3 6866 4645 1588
3 6948 8927 5218
3 9628 8988 7571
3 2347 5117 7587
3 4698 8090 2479
3 5668 6527 5562
3 2743 8688 2517
3 6773 2921 798
3 1989 9082 7897
3 1805 4239 2803
3 8185 8424 2636
3 9145 3447 5499
3 8819 8356 496
3 5127 6337 536
3 6105 5417 5580
3 7527 8559 6860
3 8087 4341 1289
3 3395 5388 5225
3 4209 5792 3612
3 3079 7637 394
3 826 1663 6224
3 9329 5688 5003
3 1686 8844 571
3 3310 5456 3286
3 3624 3719 5870
3 3016 8497 9929
3 6767 1054 6044
3 4794 9081 6591
3 904 6535 2229
3 5289 1064 3331
3 3095 1995 5588
3 4545 3847 776
3 9324 1964 4710
3 3039 3637 2980
3 9347 9495 4868
3 3187 544 2660
3 2850 6288 6907
3 3192 9934 5448
3 6054 4271 7405
3 7486 3408 2327
3 1850 3068 7122
3 1295 7392 5888
3 5113 7156 9814
3 2433 1902 9634
3 6006 1977 9026
3 7842 1558 5617
3 1337 4438 7171
3 1803 8230 6378
3 8867 2202 3801
3 7919 4584 5542
3 3111 7002 7185
3 7068 4507 4025
3 5406 4080 4768
3 8246 5604 5057
3 8624 4317 7886
3 1515 805 8739
3 4216 4082 8269
3 7476 1237 5748
3 5358 6230 6918
3 4384 9037 6269
3 2301 8323 7131
3 1631 7401 9812
3 6391 9839 7654
3 4234 8913 7467
3 7081 1745 2663
3 5169 822 4266
3 202 8209 9303
3 7120 9021 9970
3 910 8396 8312
3 1410 2665 1503
3 7772 6661 7498
3 5936 3486 8786
3 5213 3102 1947
3 2157 6543 8174
3 531 255 3729
3 1511 329 1941
3 7184 1447 5636
3 8540 2611 3108
3 2146 5351 7932
3 2680 9905 5734
3 9087 9020 5222
3 2508 7657 7062
3 4050 9669 9694
3 8469 806 9610
3 3852 5201 1547
3 1466 4971 3502
3 1811 7025 5227
3 6885 1970 6321
3 3333 9339 2756
3 6830 9465 5798
3 2910 9829 5726
3 2948 3670 4513
3 1530 1460 3772
3 7311 2147 2659
3 9972 466 2695
3 5925 88 1599
3 2476 6395 7866
3 8131 3453 9006
3 2656 8443 2690
3 1333 4721 7217
3 777 4802 4930
3 8400 6239 1254
3 1506 555 4441
3 823 4614 2452
3 2725 837 2285
3 3780 2269 3423
3 7749 6806 5063
3 8303 3363 3961
3 7967 8893 1999
3 3414 8928 6881
3 7343 7655 5215
3 9330 8596 6109
3 9178 2505 5070
3 3493 7011 9255
3 9883 6967 3695
3 2553 1191 2740
3 3260 1153 2782
3 9786 7438 2140
3 6416 8536 4224
3 5965 2688 1525
3 957 7007 5581
3 8 999 1859
3 2622 1060 8098
3 5528 9355 2424
3 5978 5535 3633
3 8662 4512 7988
3 9377 8870 230
3 271 1348 3210
3 5589 871 3025
3 5747 686 6151
3 9837 3823 1813
3 2834 3373 6921
3 4258 7857 3528
3 2700 883 6098
3 3602 2569 119
3 6969 1000 7682
3 9696 7098 4466
3 6237 8219 2540
3 6055 5275 4876
3 2602 523 2933
3 2651 5439 5491
3 9943 8817 7154
3 4262 4426 6845
3 9107 1473 8008
3 9865 1077 1407
3 4486 4427 9360
3 3314 5267 4413
3 5105 6708 1102
3 5328 2556 3051
3 1134 609 175
3 9560 323 5554
3 2066 165 6305
3 6081 1580 7072
3 2365 41 4845
3 191 9833 9188
3 3218 1290 9975
3 2931 7417 3350
3 9623 112 4761
3 781 6441 1579
3 5788 7106 5282
3 5603 498 9673
3 3816 3426 4108
3 8883 5717 3667
3 3279 5055 7651
3 1885 9854 7845
3 4077 260 8744
3 1555 4763 1918
3 8832 215 8513
3 9224 6743 9609
3 9099 7623 5298
3 3405 1612 1183
3 7982 2029 5577
3 5755 5698 5297
3 7431 9108 9434
3 1020 3090 6166
3 5241 181 9370
3 2211 4575 3018
3 7987 3035 8984
3 1226 6453 6185
3 6912 106 5150
3 4300 8419 8499
3 6285 4618 5437
3 6201 2757 2370
3 5229 6737 7840
3 9720 8605 9057
3 5527 5512 6787
3 734 5640 4109
3 606 4642 8763
3 8936 4019 5782
3 3049 9039 700
3 3118 7241 7433
3 7690 6283 8549
3 1725 8660 4893
3 9155 4143 5122
3 7327 8500 3259
3 546 2842 6400
3 8681 5032 3117
3 4938 1499 1303
3 1613 4034 4283
3 8975 2587 888
3 5423 6562 6284
3 3195 9484 5722
4 0 1 5 14
4 15 19 21 26
4 27 35 36 52
4 73 75 77 84
4 90 91 92 95
4 99 100 102 109
4 116 122 125 126
4 134 135 162 167
4 176 187 190 205
4 212 223 231 232
4 246 276 317 320
4 334 339 340 344
4 350 354 368 375
4 386 400 420 445
4 469 470 494 495
4 497 505 506 524
4 528 535 551 563
4 569 585 588 592
4 599 619 625 655
4 694 701 710 713
4 721 722 724 747
4 770 783 817 830
4 841 843 857 882
4 897 927 933 944
4 989 1011 1014 1017
4 1019 1025 1033 1034
4 1072 1108 1126 1144
4 1175 1215 1244 1247
4 1257 1262 1264 1280
4 1300 1309 1342 1360
4 1363 1365 1367 1380
4 1387 1398 1432 1434
4 1463 1468 1500 1577
4 1629 1641 1651 1662
4 1676 1697 1721 1730
4 1736 1739 1757 1769
4 1771 1776 1785 1790
4 1816 1828 1842 1844
4 1855 1879 1894 1900
4 1914 1921 1938 1940
4 1950 2017 2031 2040
4 2048 2063 2099 2111
4 2132 2145 2151 2177
4 2187 2209 2217 2247
4 2256 2258 2273 2276
4 2287 2290 2317 2321
4 2336 2341 2350 2361
4 2369 2404 2440 2445
4 2450 2454 2455 2507
4 2519 2542 2588 2593
4 2609 2618 2638 2641
4 2643 2655 2684 2721
4 2735 2753 2768 2778
4 2815 2832 2845 2849
4 2904 2923 2943 2971
4 2975 2989 2992 3032
4 3036 3093 3100 3130
4 3160 3185 3197 3200
4 3206 3230 3277 3282
4 3285 3288 3336 3377
4 3378 3387 3388 3390
4 3397 3406 3435 3436
4 3452 3459 3460 3533
4 3545 3550 3551 3556
4 3562 3571 3572 3576
4 3642 3652 3659 3720
4 3751 3778 3815 3831
4 3836 3850 3858 3868
4 3931 3946 3955 3959
4 3979 4008 4072 4084
4 4111 4114 4207 4241
4 4265 4276 4347 4349
4 4432 4454 4460 4462
4 4493 4497 4536 4543
4 4593 4603 4652 4665
4 4680 4687 4722 4748
4 4753 4853 4889 4903
4 4968 4998 5000 5004
4 5062 5103 5112 5139
4 5221 5258 5270 5291
4 5312 5319 5381 5385
4 5394 5414 5477 5590
4 5620 5626 5630 5654
4 5684 5759 5762 5780
4 5857 5878 5927 5933
4 5971 5984 5999 6041
4 6086 6116 6182 6267
4 6271 6276 6325 6327
4 6360 6369 6383 6399
4 6408 6431 6461 6469
4 6523 6552 6588 6594
4 6696 6736 6795 6874
4 6878 6898 6906 6909
4 6916 6936 6987 6991
4 7035 7039 7054 7114
4 7144 7161 7169 7189
4 7226 7269 7291 7312
4 7323 7358 7378 7396
4 7446 7448 7452 7455
4 7469 7552 7589 7597
4 7641 7650 7680 7708
4 7774 7790 7811 7908
4 7933 8005 8029 8041
4 8046 8050 8069 8092
4 8096 8121 8157 8169
4 8188 8192 8207 8217
4 8218 8225 8300 8362
4 8403 8404 8414 8445
4 8483 8490 8492 8512
4 8520 8538 8587 8619
4 8649 8680 8787 8795
4 8800 8843 8905 8910
4 8914 8916 8959 8971
4 8974 8993 9040 9061
4 9067 9127 9132 9133
4 9163 9169 9287 9308
4 9351 9381 9388 9420
4 9441 9454 9460 9466
4 9494 9497 9509 9517
4 9567 9581 9654 9738
4 9780 9782 9817 9824
4 9850 9918 9953 429
4 1314 1458 9093 2830
4 3604 4749 5827 7280
4 7806 155 518 1408
4 1738 2767 2853 3742
4 4250 5571 6084 6433
4 6555 6768 7029 7810
4 8989 9402 9417 9472
4 6138 8769 1069 4073
4 9228 9607 1245 914
4 1104 2677 5735 8482
4 4576 7941 9428 9515
4 1048 2869 2338 6298
4 6386 2465 3094 3384
4 9923 539 702 1752
4 779 6303 6418 6775
4 9116 6943 1251 259
4 1239 1493 5932 647
4 3461 3960 680 5116
4 9109 2005 2491 3152
4 3682 4921 1906 3864
4 6241 3294 4166 9358
4 266 2581 2777 4601
4 4999 7027 6043 7609
4 9640 8690 913 9998
4 2640 1633 9290 8301
4 9938 1310 9653 1448
4 3876 8887 2263 663
4 8575 9704 5374 7160
4 3525 7738 1417 3404
4 7328 7082 9897 7244
4 2833 3359 929 3766
4 4941 8428 8691 9012
4 1255 1370 4125 5893
4 8765 3603 4017 2986
4 2991 1795 1603 1566
4 7450 2223 7317 1356
4 1637 7376 7338 4869
4 4385 4003 3441 6295
4 580 9389 4686 4580
4 2387 4597 1123 5587
4 7021 9947 7234 2284
4 1420 3701 8790 707
4 4086 5288 2413 9445
4 6883 4745 8048 2926
4 8014 8693 2719 5403
4 460 8249 3148 9034
4 8980 3198 6813 2014
4 7619 3252 8120 4541
4 6712 3245 4459 7582
4 5475 6322 5071 6475
4 2286 971 8295 4970
4 1185 5555 5629 3535
4 9916 4145 1748 3081
4 4815 5186 5459 9467
4 9783 1791 2760 3732
4 4264 5228 1565 8489
4 6980 8481 9125 2855
4 4812 5572 2945 1910
4 6722 7113 3713 5354
4 6863 3800 8279 2791
4 8350 2644 5597 6732
4 5016 2654 2851 9110
4 8841 975 3393 3970
4 4378 3957 8234 3982
4 6896 7133 8622 5202
4 6503 3920 2764 4268
4 5634 6139 6855 4759
4 5440 3770 4342 9477
4 4199 5243 7705 3886
4 685 5976 2004 5447
4 6159 5695 330 2130
4 9925 5737 5565 4418
4 6251 7912 490 6013
4 4471 9334 9518 8666
4 1457 3826 4934 7477
4 9300 4039 3342 8102
4 8892 3287 3490 1125
4 9317 6422 2973 3103
4 3456 4180 9461 8402
4 5334 9898 2156 5858
4 5318 7352 5092 8764
4 4589 6658 4366 166
4 2482 6217 5165 8706
4 9725 8999 543 9683
4 4888 743 3954 9113
4 6236 8226 2737 8457
4 3116 5119 1919 9831
4 9731 8830 2032 237
4 5826 9878 6954 9666
4 9992 9455 8574 6667
4 4624 6587 9279 7203
4 2714 7537 5433 4673
4 6437 3013 8191 7073
4 3829 4364 8514 3056
4 6710 4836 1455 8283
4 2965 4905 9071 1792
4 6194 8953 3319 4015
4 4927 8125 3962 4872
4 8526 7701 4024 6879
4 4275 8033 5775 8678
4 1545 351 2724 233
4 8074 2648 8243 6802
4 8280 7572 1630 6997
4 3601 4162 6820 9147
4 4304 7503 79 8809
4 6048 9665 6355 3151
4 5344 9293 4159 7763
4 8943 8705 3723 7348
4 6091 8885 3627 4760
4 9404 5405 2940 8335
4 6221 1274 9353 6103
4 5645 1089 9886 4626
4 6200 8621 6793 4481
4 2606 8840 6867 4310
4 3805 2315 9191 6004
4 4776 9288 6597 8054
4 426 3711 2822 4924
4 4849 5552 9790 5818
4 1719 9442 3067 2539
4 8580 5761 1893 3215
4 4401 42 4654 6538
4 9708 2780 9619 7191
4 1913 2637 6970 7784
4 2559 4192 8024 2865
4 2682 5650 4303 9598
4 6071 2667 4081 1520
4 3755 7940 661 969
4 7107 7304 4223 8352
4 8627 8408 6092 2738
4 584 8421 8846 8782
4 1674 3183 5025 2670
4 5988 1798 5486 8149
4 9310 8416 5846 1242
4 7193 440 5307 8105
4 9396 4755 7070 6066
4 548 2037 6781 1573
4 4289 1112 7976 3908
4 488 3380 2534 9579
4 4785 9103 8515 9510
4 7754 9956 2938 6729
4 479 9940 7006 9740
4 1236 9936 5144 9422
4 8394 1053 2458 2960
4 3779 7630 4204 7974
4 4743 8484 9277 2302
4 2438 6978 8825 718
4 7575 932 8925 2893
4 2446 8802 3974 7762
4 8544 8255 6113 4190
4 5955 8531 6598 7128
4 2069 5326 8718 4585
4 353 1680 2113 6204
4 9531 4071 5109 7722
4 2250 9758 6317 7294
4 2497 9056 4947 2868
4 9412 8285 6489 6877
4 1617 7687 2788 5712
4 9949 4350 7612 4021
4 9847 7765 5065 6872
4 9967 861 1169 4420
4 1428 664 9796 7053
4 7355 3833 7702 8083
4 2613 7714 4130 6665
4 7505 9395 5031 9452
4 9053 3900 8921 4528
4 243 6292 2984 5452
4 1425 665 2896 3921
4 4719 410 9676 7462
4 7867 3007 6100 3605
4 3320 3726 4909 4295
4 2093 5069 9481 5922
4 7285 9480 3661 3236
4 4201 1325 9335 1442
4 8577 3190 9025 852
4 8656 7750 4382 4067
4 5623 3034 9088 474
4 4129 9688 8088 7034
4 4897 8308 1121 3855
4 3040 4448 8949 3589
4 9997 9924 5618 2394
4 2194 6785 7004 8151
4 8324 1991 1875 7837
4 7182 8723 366 6728
4 9980 1067 9364 3510
4 3162 9306 5502 5204
4 7769 8427 9077 751
4 4831 5841 6515 4068
4 6207 2679 9112 9827
4 2374 6032 8488 8016
4 8884 1784 1051 5738
4 8216 8175 7366 9939
4 1419 7084 9405 1834
4 2441 3998 7354 8208
4 3264 4370 2675 2496
4 9753 4152 4029 7277
4 994 5871 4225 8510
4 4431 6190 6895 2871
4 8583 3430 7449 3180
4 7351 5226 5789 1150
4 6486 9058 6067 4510
4 7428 8901 7566 5434
4 8630 4332 5923 6786
4 9760 8467 1007 7472
4 3163 9268 5184 3291
4 4213 7205 2261 1659
4 9508 5937 1193 5301
4 6238 8127 9170 387
4 7195 7538 3128 657
4 7817 2787 3113 5392
4 2844 1823 5679 3483
4 3725 879 5314 8926
4 705 8271 2755 3232
4 1392 3872 2392 438
4 4799 4101 4606 4253
4 5002 7325 3143 7456
4 3989 9652 5990 9979
4 7846 5248 9378 5435
4 7952 5408 5050 1268
4 5704 5655 2135 1241
4 9095 8623 7996 6333
4 2175 2528 2322 981
4 7379 1394 8982 9537
4 6837 6165 1896 7506
4 5500 1901 8184 6758
4 1304 1927 7747 48
4 5468 4348 8385 731
4 3606 6439 6376 4391
4 9983 1343 2744 8896
4 9681 8315 1390 3710
4 2339 1666 941 1446
4 8869 1560 716 6717
4 7520 3919 5445 5230
4 5560 1379 1772 1204
4 5076 6001 2816 8743
4 3937 9674 8306 1030
4 2624 4397 104 2158
4 9202 364 7930 3740
4 2071 6865 6449 4499
4 8290 4396 4181 4864
4 3702 7411 8178 8674
4 6061 3249 1572 5087
4 9541 8922 9729 4820
4 1675 6568 8025 5102
4 7869 6626 7297 1028
4 7685 5646 4319 2034
4 4586 1797 4463 3709
4 4784 8071 1760 8051
4 6653 4383 4908 2478
4 9919 7331 3649 5637
4 2494 1660 1272 7718
4 6140 2995 9982 3599
4 5037 8459 5805 2078
4 1916 3231 9808 3071
4 8140 1456 9707 1657
4 5868 2615 9766 3832
4 8057 1312 9874 6928
4 1710 7188 9476 1173
4 5673 3168 1782 7435
4 2090 4484 50 7508
4 8664 3967 2524 4210
4 6397 9262 3958 6502
4 3609 408 4590 991
4 9857 7468 454 2914
4 3421 501 8066 2958
4 9791 775 7181 1232
4 8091 7282 4700 7214
4 6424 6771 4033 6218
4 389 5033 9203 3699
4 8476 3182 4472 8386
4 3592 7137 397 7767
4 4615 2027 7776 1293
4 9504 980 7563 8095
4 4061 3010 3520 5300
4 2448 7303 2249 286
4 6608 7720 3764 5687
4 1128 1962 3069 8296
4 1687 8983 8378 5605
4 4629 6532 7737 7562
4 5438 4568 1543 7947
4 3676 8205 8558 9033
4 140 6657 8327 2430
4 7497 6047 4825 7324
4 1481 8818 6346 6020
4 6394 5011 2408 5084
4 8904 3507 3936 7478
4 6572 3737 9064 4051
4 4587 5293 5283 5667
4 7816 8917 4007 4542
4 2840 7560 8566 7860
4 7089 4991 2429 5711
4 6926 5930 5348 9845
4 807 4242 1863 612
4 4049 564 8471 3462
4 9052 3923 7146 624
4 1779 9185 5305 8852
4 9743 4118 3184 8369
4 5507 5390 6465 3166
4 8552 2894 9705 2133
4 4751 2015 7968 2434
4 377 4083 3814 1926
4 5532 3304 2774 8018
4 4219 6910 7649 7199
4 1746 6573 9437 2979
4 2800 5707 5843 692
4 4110 9739 4186 5656
4 2073 8963 4362 6487
4 2118 367 6164 5974
4 2487 4915 8030 442
4 4395 2139 5497 9909
4 8920 7836 4805 1402
4 1925 8672 4212 5402
4 4087 8909 3548 8724
4 3296 2501 6455 6601
4 4729 5249 2188 9697
4 1240 2366 6362 7256
4 4809 5484 7173 925
4 2053 8351 3284 9292
4 9315 3317 1319 1537
4 3631 8261 3554 8589
4 1375 3999 6609 2616
4 8433 6992 399 2257
4 9657 2857 7158 5393
4 9915 4900 5541 4294
4 7676 9207 5855 2981
4 2270 8704 3065 6335
4 3433 8358 2576 4765
4 7076 29 9049 547
4 2103 6615 3733 9574
4 732 3175 2449 1945
4 427 4682 4045 5764
4 4779 9430 1449 5942
4 4404 5821 5524 5372
4 7598 2867 1098 4006
4 7879 7485 5806 8182
4 3098 5934 3139 4302
4 2197 1281 2119 5407
4 98 7904 1689 6211
4 5089 4324 3594 2493
4 4336 4345 787 3410
4 5232 2041 6847 3687
4 2856 8741 7926 4974
4 4315 7225 2414 5567
4 1052 6214 5765 6908
4 6172 3938 8076 2477
4 2917 8668 6688 3250
4 7601 9841 742 9563
4 5753 3241 5564 3465
4 4707 331 5145 2813
4 4862 2710 2114 7874
4 3613 3014 1124 7437
4 8343 8111 7240 7126
4 3524 5506 8181 5242
4 9304 7470 8357 5659
4 3538 80 5269 808
4 2574 8307 6131 3996
4 2666 1035 790 8227
4 6299 2623 6603 5520
4 7621 7044 4485 1070
4 6975 6838 8973 5114
4 5285 7373 7955 667
4 2181 4085 679 9809
4 5987 3372 6861 8937
4 6115 668 1246 2416
4 6884 6951 824 3934
4 6525 9153 7709 7519
4 4010 8504 2913 6464
4 2547 4096 5337 8588
4 4531 5723 5284 581
4 8838 4282 5154 1997
4 3706 4881 2678 1643
4 2820 5647 3000 6759
4 2626 6027 1623 2976
4 9835 5842 5669 3901
4 6641 1672 345 6934
4 7336 382 1362 3560
4 247 5425 3622 3140
4 8448 5648 5715 1548
4 2403 560 261 5746
4 9482 7599 5575 4338
4 905 6287 6235 5525
4 5743 3468 851 891
4 8145 5315 1626 9672
4 8518 4329 2846 8710
4 1644 6893 6318 9242
4 7928 2189 6889 2360
4 7141 2292 8856 8586
4 9001 6385 6564 1024
4 9630 8060 1156 4803
4 3351 1692 9911 6349
4 8339 4476 8360 8871
4 1373 4540 2419 3238
4 1860 715 4744 8317
4 873 8939 2349 8783
4 8042 3918 4296 5335
4 6858 8798 4492 2346
4 3575 5894 3512 4838
4 4261 6268 1092 5911
4 6798 6941 946 2362
4 7707 7284 2742 3851
4 4189 9872 9253 8760
4 5143 2880 4437 5352
4 5582 2639 3365 3290
4 5490 8460 9503 9756
4 2077 2236 3881 7838
4 9937 9439 222 8281
4 4988 5142 1990 7051
4 7604 8781 4013 1349
4 3470 8496 5126 3159
4 7056 5852 6695 853
4 6338 9136 9565 8126
4 7242 952 5159 8072
4 8847 7390 5034 1592
4 4023 4984 7232 8719
4 764 785 4563 5795
4 2810 1544 8106 4560
4 5953 7265 7771 758
4 1933 9516 2460 2396
4 4817 7482 3771 7794
4 3650 2283 8858 2183
4 3398 3500 8262 5217
4 8444 816 8720 8288
4 3458 5110 8634 2056
4 4168 6124 6030 2230
4 3429 8055 8013 6836
4 9373 5975 5320 3181
4 8948 6089 8099 9913
4 9216 1596 1368 9206
4 3489 2003 3995 4171
4 4140 6117 4612 3289
4 9867 1269 7012 6982
4 7402 7901 3418 1498
4 1486 9501 46 6374
4 1780 4105 7746 8480
4 6911 2748 4270 1151
4 285 4539 4730 7207
4 8958 9385 4756 9440
4 1607 6482 9435 7403
4 9642 8590 704 8799
4 5216 3158 6979 1441
4 552 1039 578 2599
4 4824 7918 4316 3680
4 1887 8371 9615 7998
4 5290 8976 5861 3653
4 7341 3861 6094 1431
4 5039 6869 6624 3976
4 3345 7511 4816 3026
4 5396 832 4778 7775
4 2915 8237 5196 4772
4 6488 9899 8270 6445
4 6083 3986 3646 5940
4 3043 6045 5130 7997
4 6886 1670 1389 2901
4 6080 129 3172 1397
4 6561 4854 4203 985
4 4569 1267 5703 6779
4 250 3634 7473 2784
4 9141 6900 2421 9076
4 1041 9763 1759 9401
4 9177 2701 8565 436
4 4146 6014 9079 9392
4 9449 3193 7353 9054
4 310 5660 1702 1960
4 890 6716 6162 8023
